+494413602150
+4993197073160
+4972519382500
+4961969080
+498962271630
+4930200570
+4930200572000
+4930200573247
+4930200574000
+4930200571800
+49511348420
+49228249990
+492288330
+4947148310
+4947258190
+493312882100
+4946519560
+4971125930
08002651050
+4942117610
+4964049242000
+4933127721111
+4923141930
08001059000
08004772000
+4921187910
08002265726
+49308181990
+4922193713347
+4930185551855
+4930346460
+4951187010
+492289089930
+496196777260
+49221376800
+493023533671
+4922195710
+4951191150
+49514194831010
+493415950
+4997327840
+4951921298260
+49841886602110
+4975524052010
+4924156152113
+493018170
+4922899170
+496592172100
+494662820
+4950218000
+49228536831412
+4964517400
+4930184002030
+49301868111120
+4930186810
+49228993050
+493070300
+4930184413424
+49301868110920
+4930185809430
+493018174764
+4930184002030
+493018172451
+4930185350
+4930183002250
+4930185551100
+4930185808050
+493018172673
+49301868111047
+4930186156114
+4930184000
+4930184411452
+4930185551184
+4930184002070
+493378805931
+4940428180
+49332035810
+4926198190
+4930857810
+4922137780
+4940202070
+496211830
+4922854069
+4961318020
+4962144560
+49622151080
+494039800
+4940361370
+49228996100
+4922268820000
+4930184413425
+4925186700
+4933274670
+493816596459
+4975717360
+4962142952115
+49228810070
+4574623833
+4930184012770
+499111790
+497119410
+499111790
+493055555
+496966700
+4951198850
+4943133950
+4921143060
+496818490
+4937191180
+4934513320
+49228996290
+4930187140
+4933762450130
+49674287150
+493040046420
+492614000
+492613908185
+49305000877
+49228994010
+4930184010
+49228995500
+4922195714002
+491802316465
+49301843210
+4922136730
+4922157760
+49421160820
+49351879960
+49361664890
+495111260740
+49431982770
+496131146720
+4989126030
+49251534050
+49681967020
+49385591410
+497116155570
+49302888563
+4922855040
+492289941040
+496963331
+4934156340
+4999416030
+49696333258
+49696333273
+49696333317
+499119430
+499119430
+4952193160
+4953135450
+4953135450
+4953135450
+4953135450
+4953135450
+4953135450
+4953135450
+4953135450
+4942183910
+4942183910
+4942183910
+4942183910
+4942183910
+4942183910
+4942183910
+4942183910
+4942183910
+4942183910
+4942183910
+4942183910
+4942183910
+4942183910
+4942183910
+4937149010
+4937149010
+4937149010
+4937149010
+4937149010
+4937149010
+4937149010
+4923190580
+4923190580
+4923190580
+4923190580
+4923190580
+4923190580
+4923190580
+4921198630
+4921198630
+4921198630
+4921198630
+4991194328655
+4991194328655
+4933644920
+4969698130
+4991194371102
+4991194371102
+4939416760
+4940235010
+4991194317962
+49221924260
+4968819260
+4968819260
+4991194381000
+4991194381000
+4938847200
+4944120600
+4965114630
+4993198070
+499119430
+4922884910
+49341309770
+4938301860
+494031900
+4938145635
+492289995820
+492286190
+49841965060
+49661679310
+49203393420
+49447118070
+49302063280
+4930183330
+4930183330
+49228993053761
+4930183336710
+4989316030
+49433113220
+49433113220
+49301844499999
+4930184458210
+4918444000
+495312993401
+492217920
+4961969080
+4961969080
+4961969080
+49301870300
+49301870300
+49301870300
+49301870300
+49301870300
+49301870300
+49301870300
+49301870300
+49301870300
+4971125400
+4923190710
+4930515480
+49371335180
+49351563950
+49301868145771
+4922841080
+4922841080
+496925616161607
+495116430
+49556291460
+4930369930
+499131810400
+4926113060
+49228377870
+493031810
+49251981680
+4936134820
+49761557700
+49541818033
+4926139080
+49391506650
+498959950
+4935535740
+4938125290
+492289968450
+49403068600
+49897463470
+49364384686
+493081040
+493020149
+493081040
+493081040
+493081040
+4922897440
+4971113560
+492204430
+493024511009
+4949416020
+4972197260
+4940819080
+492289400
+49221976680
+49711164890
+49211944850
+493028878956
+493040040300
+4936126360
+492615050
+497222771390
+4992146010
+497141899283
+4922899740000
+49301877700
+49761478170
+49301877700
+49301877700
+4930648450
+49301877700
+49610380430
+49301870300
+49301870300
+491606966016
+493025980
+4922830770
+4922177620
+497218196401
+49511169980
+4969269590
+498992310
+497211590
+492289930730
+492281070
+49611752235
+49441961950
+4930184120
+4930184120
+4930184120
+49228996400
+4930184000
+494018231218
+494018231218
+494018231218
+49307877070
+494511224250
+4930184000
+4930184000
+4922894990
+4922894990
+4922830320300
+49431200833000
+4965114480
+4922830320550
+49611550
+4930186820
+49228996825199
+4930186820
+4930185800
+49228995800
+49228992400
+4930182424242
+4930186810
+49228996810
+4930186810
+4930185270
+49228995270
+4922899570
+493018570
+4930183000
+49228993000
+49228993000
+49228995290
+4930185290
+493020179130
+493020179130
+492289410
+4930184410
+4930183050
+49228993050
+4930186150
+49228996150
+4930186150
+49228995350
+4930185350
+4930186810
+49228996810
+496983021
+49894366310
+49911919930
+49304146457
+49304146457
+49304146457
+49228140
+496131180
+4968193300
+4930224800
+49303838660
+3227379000
+49931355760
+4989699370
+49331979970
+49451490550
+49304170740
+4941925020
+4930911440
+496934004999
+49511676750
+492613990
+4989121490
+49350179560
+4922412380
+49703121280
+49331979970
+493020000
+492282000
+493020000
+49301891000
+49301891000
+49228997210
+4930187210
+49302849390
+3227438646
+4969256160
+49511956650
+49362062450
+49511956650
+49632492400
+493915045450
+49352424530
+4950329610
+49342590400
+4956131071
+4922335930
+492289826
+4953135480
+494031908311
+49302400870
+49302400870
+4930208987650
+492289300
+49303198950
+49421343400
+4930590097309
+49228987270
+4972191010
+492217580
+49228993580
+492217580
+49228993580
+492217580
+49228993580
+492217580
+49228993580
+492217580
+49228993580
+492217580
+49228993580
+492217580
+49228993580
+492217580
+49228993580
+492217580
+49228993580
+49228993583666
+49228993580
+49228993583666
+49228993580
+49228993583666
+49228993580
+49228993583666
+49228993580
+49228993583666
+49228993580
+49228993583666
+49228993580
+49228993583666
+49228993580
+49228993583666
+49228993580
+49228993583666
+49228993580
+49228993583666
+49228993580
+49228993583666
+49228993580
+49228993583666
+49228993580
+49228993583666
+49228993580
+49228993583666
+49228993580
+49228993583666
+49228993580
+49228993583666
+49228993580
+49228993583666
+49228993580
+49228993583666
+49228993580
+49228993583666
+49228993580
+49228993583666
+49228993580
+49228993583666
+49228993580
+49228993583666
+49228993580
+49228993583666
+49228993580
+4934120070
+49611754863
+492415610
+49962178470
+495237910
+498651790
+4950514750
+493049810
+4994228080
+49228962012001
+497251982540
+493921900
+4935322520
+4935146540
+4936134260
+4940866480
+49973278488
+4951167980
+4956819970
+49484177650
+496781510
+49841886600
+498341920
+494313840
+492616799920
+4922039080
+49819191520
+4949191950
+49265149600
+498912490
+495192120
+492511333980
+494419290
+490452274440
+4938180250
+4942611880
+4975735040
+4939762500
+49731189960
+4993197070
+493443330
+49442148380
+4950314050
+49633256653
+4934112479351
+493036870
+4940866480
+495119030
+4972162680451
+49561766823002
+4926191437222
+492219377740
+49899926923480
+493443330
+4993197070
+493028410
+4973117100
+494488500
+494069470
+3265444969
+33369322701
+441895826380
+3907096430
+31455263691
+48918116740
+49222688297545000
+17033903303
+492612810
+492284060
+49228994060
+492284060
+49228994060
+492284060
+49228994060
+492284060
+49228994060
+4922189920
+492289996210310
+49228995150
+49302545040
+493023634080
+4922854020
+4930284910
+493044320
+493044320
+4939153735
+4938564340
+49220390540
+496196793500
+493491420260
+4922136733673
+49800262626
+4930408140
+493412434112
+496971470
+492289977990
+493024636306
+4968193812100
+493050150810
+33677524416
+49345472390
+49895203090
+39064425931
+49306705910
+495315921901
+49696109430
+493020649134
+496995660
+497119440
+498928895
+493034750
+4951130330
+494037070
+496923880
+492118740
+496995660
+493418600
+4954196330
+492288851
+492283776600
+4922844600
+496196790
+4930130010
+4922149860
+49303009030
+496915250
+4934122710
+492215692444
+49071136533560
+49308650
+492343040
+49696700338
+495416003542
+4922895550
+49228604970
+4922895300
+492284290
+493046460
+4969974640
+492288820
+49302022080
+492288820
+497631902101
+33388432003
+492515062092
+48914445900
+493040040400
+49302270
+49761200402
+493020370242
+49302045690
+493024728014
+4930590097309
+493030881010
+4922820910
+496967000
+493032303490
+3227380320
+4930202250
+49307730720
+3227401640
+492289596221
+4922137710
+4930377110
+3227401620
+4998146533540
+4930629800
+49228400010
+493022691844
+4961359323
+496980620
+494066900
+494066900
+4971195520
+49711550400
+4903313160
+4989159380
+49301877110
+302103307400
+902123937600
+20227351460
+20227352321
+34915610904
+34914110163
+39064888141
+96415530793
+9631137498120
+9631137498130
+96712871751770
+96714852120
+982122216339
+4918887711311
+96265346924
+498419311404
+97226284792
+498928676760
+492289977120
+49188877110
+49699758180
+4923458770
+4921133821
+494089980
+4933762770
+492283369070
+496232654381
+49228949270
+4933200880
+4922832940
+4930390010
+492213403080
+4930897890
+4989623060
+49345681780
+496221420
+49331200980
+4971448480
+498921791
+49301868144286
+498921951000
+4936414054
+4930259920
+498586979074800
+4955138510
+4930284600
+4930854040
+49471482070
+390415206355
+49613593230
+49308390010
+49302607400
+4922036010
+4930670550
+492284470
+495312950
+495517090
+496298280
+498153280
+4971168620
+49228308990
+4930450539124
+4935121046312
+495513920287
+495513920288
+493916724531
+495513920288
+4989440046507
+495513920288
+493814949471
+495513920288
+4970712987641
+495513920288
+492302926237
+495513920288
+4961037070
+496978072600
+496978072600
+496978072600
+31433661317
+498997800
+498997800
+498997800
+498997800
+498997800
+4942153720
+493063496101
+493041013807
+49304306111
+493063496220
+493063496101
+4935188250
+49361223230
+4940507117100
+495117797101
+4922035707111
+493414667100
+49257193950
+49911360590
+49689380080
+497119484953
+4930652111763
+4930403680800
+4928196611060
+4956193670
+493341581511
+4923423953731
+49731962540
+492283867343
+49228975690
+494313840
+494421687
+493327502044
+4922898260
+4930770070
+4935142430
+49361349630
+4920124200
+49692385510
+49681389770
+4934567830
+4940239080
+4938574520
+4951136570
+4972118090
+49711228160
+49221916570
+4989548560
+4991124930
+49228207170
+493081920
+4930590011960
+49403500120
+49461141490
+49303101810
+49384369300
+4926198190
+4926198190
+4951191150
+4957164580
+4943315940
+49911206450
+4926198190
+4923631040
+493063922600
+49341496110
+4930275770
+4969583032400
+497247808555
+49303999340
+49228923790
+16098447630
+4961317851
+4936233530
+493063923330
+4945371880
+494537188369
+492461610
+492518336033
+492461610
+4935126073001
+497119702500
+497214640392
+4934555890
+4935188230
+4976188570
+4971197000
+4924189040
+4976145880
+493412310390
+4937145000
+498912055013
+498912050
+492241142500
+492214706082
+4976151590
+492241142808
+4936418070
+4933156810
+4933156810
+497119702124
+4971197000
+4980246430
+4980318052684
+495618041870
+4961517050
+4961517050
+49689790710
+4968979071251
+4968949800
+4968949800
+4936774670
+493616531221110
+494412172400
+49895470880
+4935125860
+4963168000
+4939140900
+4939140900
+4942122460
+493512537300
+4942122460
+494141787070
+494212246126
+493814024110
+4961511550
+497119704001
+4953121550
+4951192962212
+4991317760
+4991317760
+499561317672
+499913615678
+493514640701
+49911580617500
+49911580617500
+49911580610
+49911580610
+4991317610
+49371560198203
+4937312033100
+49911235680
+49911568549160
+492241143000
+493512553700
+4935188815501
+493660193010
+4976127140
+49762890500
+49762691570
+4924189060
+4923197430
+492033783130
+4924160850
+4924160850
+4924160850
+4929723020
+4930310020
+492251180
+493034637000
+4972160910
+493328330280
+4930390060
+4953121550
+496151869100
+492241143272
+4993141000
+4993141000
+4993429221701
+4992178693120
+494821170
+49231976770
+4972168090
+49631316000
+4951153500
+4953161816001
+4920885980
+49215492510
+499661908400
+4981614910
+493514640801
+49351833910
+4976151420
+4937153970
+4935147720
+493583540860
+4956172940
+4947114290100
+49341355361000
+4968193020
+493046403100
+4935179557212
+4981539097500
+492241140
+492288830
+4930269356
+493835170
+495315963102
+49514138460
+4936418040
+4950348710
+4933170190
+494086674700
+494086674700
+499745345010
+4939088903010
+4922039081610
+4972181910
+49341487370
+4922870900
+4943133940
+4949416020
+4951191150
+4925127080
+4961319790
+4993141050
+4939128870
+492283030
+49228996820
+49228996820
+4933164610
+4963218940
+4925186700
+4940428200
+499113760
+49221222550
+492216720
+4991113310
+49302000990
+4922120570
+4922120680
+4930885890
+4953180120
+4989320040
+38445251450
+74952211802
+33155583111
+33155583112
+496159710
+493641947601
+493641947601
+4930856112320
+49228652556
+4962112460
+49221476940
+494042825593
+4920269581102
+4989159210
+493025906473
+498912580
+4921177780
+4924190910
+4982150120
+4930690090
+4952130470
+495251879150
+4953138090
+4942138971141
+49615191800
+4923195710
+4935146440
+4934149190
+4920371340
+4921121010
+49361601760
+493355630
+49692578290
+49064149590
+49404262060
+4951154699100
+49713189700
+4948219020
+4972118331
+49431200830
+49261983760
+49022194130
+4921518500
+498718060
+4976211700
+4976115090
+4939150740
+4989599500
+4989510900
+4925148140
+4991194630
+49441210250
+4954133010
+4933150590
+4994120860
+4992816090
+49803130060
+4968183080000
+49972164640
+49951966660
+49773182050
+4938313560
+497119220
+4973196480
+49308050010
+494721567400
+4930285340
+498931870
+498931871301
+498931871301
+49228308180
+49302063290
+493080620
+493080620
+493512600
+493512604427
+4953161810
+4968130270200
+494316000
+493412351800
+4934555850
+4934555850
+494152870
+4933283520
+493312880
+49338436240
+49338436240
+49968191182
+494065411
+4964211840
+49228996290
+49228996297001
+493050001177
+494512031715
+4962142954212
+4925186700
+496115516715
+4956193593311
+4956193593312
+49894363038983174
+49223257939818
+493086585038
+496980624254
+4962142954212
+498992240
+4933556250
+4922895060
+4923190510
+4965122220
+496591101
+496762121
+4990715800
+4988416090
+4933678660
+493614320
+49228996800
+49228996800
+49228996800
+49228996800
+49228996800
+49228996800
+49228996800
+49228996800
+49228996800
+49228996800
+49228996800
+49228996800
+4971122250
+49897806090
+494131400590
+49899926923980
+499419435450
+49899926922926
+49263294622001
+49899926922251
+49302308220
+49895427060
+4989126880
+4956916290
+49302787780
+4991143000
+4969945450
+4957229682100
+4921133890
+495315960
+49394647100
+493083040
+495312995
+495315960
+4961514070
+4962218680500
+493512616214
+493820945200
+4933203480
+49251871060
+493946470
+496345410
+4968158660
+497216080
+497216080
+497216080
+497216080
+497216080
+493067781401
+492116193400
+49511866994444
+496117995000
+498912495111
+4971125403900
+4944216862821
+493040050
+4922140010
+49302801790
+493028017927
+493020617322
+493049813593
+494316672486970
+4922039083500
+498931686050
+4943188141
+4976131980
+4936435450
+493582377300
+49228536831412
+495119033804
+493341581511
+4922855047025
+493036873931
+4964329402011
+492618960
+493443331708
+4949191954001
+492225930
+4922855041112
+493049814550
+49221376890
+4930269960
+4922412460
+4930185809010
+4930183002100
+4930186155010
+493018174023
+493018172577
+493018177306
+4930186156710
+4930186156680
+494613160
+49351473850
+4969247030
+496974310
+492288318003
+4930202645050
+496974313030
+322333850
+492288310
+4934529970
+4930263970
+4930254890
+4930397870
+4930259200
+493025486112
+4922891710
+49615170010
+4960787850
+4971152100
+4908931686040
+493315861490
+4942187190373
+4940866484310
+496117990
+493855113110
+495112841905
+492119593521
+496131562570
+49683112712605
+493518230
+49391662462380
+494313841011
+493614321800
+49699591040
+493094793100
+49302060490
+3222742060
+492214785600
+498161712980
+4953126160
+4934529280
+4933156990
+493641656000
+4923113920
+493063923530
+495116432302
+49556291460
+4923110840
+4933174990
+4938293680
+4776144400
+493839112111
+4969247080
+49302933600
+49531590990
+499518633400
+4962115810
+494318805084
+4961313939340
+4935146590
+493370178131
+4930641815
+492418023300
+4938112810
+493063923001
+49341600550
+4936415321000
+4968193000
+49391626392411
+4938208685
+493412352308
+4935146790
+4938151970
+4934555820
+493948250
+49364120600
+493834554300
+4935146580
+4942121856750
+4933627930
+4934127177060
+4940480510
+49345775360
+4970719790
+493051680
+4922891220
+4922891220
+4922891220
+4922891220
+4940238317555
+4933432820
+49421238000
+496512012877
+4936134269210
+4947959410100
+49442147455
+4953123550
+4953123558099
+4953123558309
+4953123558110
+4953123558207
+4953123558410
+4953123558550
+4922039084082
+4922039083134
+494421490
+493816363132
+494316070
+4938180250
+4978349790
+4972166250
+4992218031
+494316091
+4952317410
+49228377860
+493063921505
+493094060
+493094061300
+498921080
+4921167920
+492083061
+4922896560
+4989329901
+493834881000
+4930183052505
+493067942670
+4922833888230
+4973116903060
+49308891408591
+49696060600
+4930202094101
+496960600
+49911230880
+49228185150
+492281071608
+49228812920
+4930185808245
+49814153601110
+493518233031
+494131759950
+4922881630
+49410497710
+493932338874
+49892422780
+496103770
+493020377481
+49302576790
+492219318170
+4930184002050
+495315920
+493034810
+493067941913
+49383483120
+4971113560
+493312882500
+4930182720
+4926189613103
+496926957790
+492461619431
+493020199431
+4938120356281
+4922860884201
+4972122656
+4930187540
+4930187540
+4930187540
+49613191240
+4930443100
+4920181490
+49302636960
+49611752390
+49899926924710
+498912490
+4994207541002
+493443331009
+492664503408
+4973489807010
+4943154090
+49358187910
+4968719050
+4983212781037
+492676952035110
+4951167830
+4946131350
+4981572732110
+4981572730
+492289459830
+49301891000
+496975420
+49358147605100
+493517958414403
+4930186156431
+493018171270
+4930185350
+493018177630
+4930186156182
+493018172655
+4956193590
+495619280
+4956110060
+49258794114031
+49611751
+49228996430
+4930186449428
+498921862123
+493301810912
+493301810912
+4933012000
+49330936080
+49399252478
+4922249210
+497119559850
+497119559850
+493026394311
+4930203040
+493917277630
+49302592970
+493020629980
+492283689370
+493643430130
+492018401151
+49632192629
+4922891650
+4934122200
+493046777790
+493046777790
+493025993300
+49941297140
+492323162106
+495141933550
+4930266412888
+4930266447500
+4930266451500
+49302660
+4930254810
+49302660
+49302660
+49622191070
+493643430130
+49302545090
+4930880070
+4954120197110
+4922855046101
+493085404170
+4940432020
+49896807730
+494069090
+4944017080
+495117628989
+498341922018
+493028876980
+492289401327
+49089299775
+492519362451
+498912492663
+492218060
+4934021030
+493089030
+493089030
+493089030
+4961037040
+4937437760
+4930185551550
+4930185551800
+4969478630
+498960040
+4941229862140
+4934202772410
+4934202772410
+4969758970
+49306399060
+4930258000
+493040040200
+499745345010
+494419293333
+494419293333
+494419293333
+498992356
+498992356
+497211550
+4930186814336
+49302270
+4940236560
+4930770030
+4952158010
+4920334870
+4922044070
+4961313890
+4971419190
+4989500950
+4936122360
+4935181450
+4993179430
+4962215070
+496221389360
+49627180760
+49713696260
+49622992150
+4991120000
+49941798810
+499421430700
+499913721280
+49851955190
+4985195519533
+499545445500
+4991167096511
+49917447320
+49944291860
+4991167096540
+4994181090
+49351843250
+493518432360
+493534280331
+493421729511
+4934914340
+493915300
+493922283205
+493932273311
+4938779234333
+493471346090
+493461331653
+493922283264
+4948616150
+494682948500
+4948616150
+494725815930
+4948616150
+4947215670
+4940441100
+49410393140
+494141411180
+49412493655
+49410393140
+4949218020
+494919606780
+494921802400
+49492291280
+494921802430
+4949328698960
+495931848111
+495931848170
+495933934590
+494405929010
+495931848150
+4941535580
+494542844060
+4938845449290
+494152846910
+49387565000
+493871451030
+493991181550
+4941528469123
+4960213850
+49060213950
+496967868870
+496181923380
+49937299020
+499342934890
+4997212060
+499351990640
+49933250490
+49938184830
+49952194350
+49931619930
+49531866030
+495137825290
+49511950852220
+49531866032320
+49511950852920
+4957164580
+495461945910
+495472949910
+4957164580
+4957164580
+4958190790
+495363973000
+49583298300
+495819460150
+49390466030
+49413691260
+4926198190
+496441447990
+49643295280
+49260596400
+49267160230
+49654293790
+4968160020
+4965136090
+49653196370
+49650793810
+496583993930
+4965136090
+49711255520
+49713320060
+49714488860
+4971125552433
+497131797740
+4948528850
+4943136030
+4943315940
+4943136030
+4943315940
+4976127180
+4907667906630
+497851485660
+497229185120
+49722918512220
+4962115050
+49721565060
+49623260610
+49624165350
+49613394060
+4933342760
+49330120470
+49333545160
+49330746780
+49398282530
+493356639590
+49333685460
+49333229100
+493336261890
+4938312490
+494313603300
+49451388850
+49384146090
+49384146090
+493831249520
+49154388850
+493831249540
+493831249540
+493831249540
+4967213060
+496115410770
+49674192030
+4926198190
+492633472950
+49221973500
+492289452240
+492218879230
+4921156530050
+4933812660
+49331281570
+493381266452
+49338553980
+49393387330
+493381266462
+4955419520
+4956231205
+496623919513
+495541999910
+4952712411
+495151924512
+4942318980
+4957051443130
+4950218877700
+494231970795
+4951436215
+4942516729890
+4942153780
+494218304410
+4942169212211
+4944120939211
+494401708340
+4947148350
+4947148350
+4944211860
+4920345040
+492034109590
+492323922350
+492819423190
+492362921730
+492363910040
+49232398500
+4959719160
+4923819019252
+4925917990503
+49251239381
+4954598028452
+495971916250
+49545980280
+492066418111
+4928229130360
+492811648690
+492066993970
+4960213120
+4930695320
+4923631040
+4951191155111
+4953513940
+493915350
+4943136030
+496221507401
+4930695320
+49303308050
+493068297911
+49336274070
+49336784330
+49336177320
+49306548150
+493022738100
+4984636520
+4965191290
+498459801
+4943514670
+49865176821001
+495931430
+492619836921422
+495192136201
+49812295900
+494421491
+4930203720
+49307261610
+49711239770
+498954461611
+4930726161216
+4940808034311
+4969365062630
+492114561187
+49302639480
+4922137760
+4930254910
+494318814555
+494042834219
+492225934210
+498960806790
+49928184041403
+49928184041411
+49228993700
+4943154091650
+498937558495001
+498003550600
+491805355050
+492281071604
+496131979111
+496994437111
+49832167552102
+495117625409
+4922519533001
+49621123501
+4922519530
+4922039081610
+4933197140
+49258194114602
+4924519920
+493312899157
+493341582323
+492615794205534
+4921611851141
+4950218003010
+4922843320310
+4926514970
+4930695830
+493355632046
+4935629520
+493974650290
+4930695830
+4935121346125
+493581464501
+49341128300701
+49201279630
+4924160980
+492114210
+4928215970
+492216728626
+492203591581
+4925187010
+49592188040
+4969507750
+496969033301
+4963134270
+49561310980
+496815016212
+4940675710
+494718002229
+49431200834000
+4938151965
+49511336110
+4952152460
+4942150991
+4939150740
+4989510902
+4983829313100
+498997590600
+4991194630
+4996139177200
+49711520410
+49761282980
+4972197290
+49773299480
+492216720
+493050010400
+4922891220
+493072621431
+4930259272820
+49561932790
+49561932790
06221181918
06221600804
062216551175
062218735564
06221330340
06221401155
062214379780
06221720022
06221784408
06221437700
06221437131
06221700555
06221707065
06221334540
06221334541
06221804427
06221830421
06221834984
062215838360
062215838990
06221804427
06221804429
062215838340
0622197500
06221975097
06221975032
06221975040
06221975022
06221975020
06221975050
06221975044
018058764636
062215838050
06221334540
06221334541
062215838050
062215838050
06221184290
06221161331
062217262172
06221586277
0622158383405838330
0622153750
0622153750
06221537575
06221980340
06221980349
062219989372
062219989376
06221739210
062217392150
0622133030
06221330333
0622190100
06221901060
062215849000
062215838990
062215837390
062215837391
062215838390
062215837380
062215838900
062215838630
062215838900
062215838910
062215838350
062215838100
062215838600
062215837600
062215838640
062215838642
062215838643
062215838650
062215825300
06221739210
062217392150
0622133030
06221330333
0622190100
06221901060
0622153750
06221537575
0622113110
06221131113
06221565391
062215633612
062215638165
062215633871
062215639632
06221562548
062215636022
06221564196
06221566452568764566943
06221561332
062215634622
06221565988
06221564760568704566939
06221561332
06221564477
062215652615637568565827
06221561767
0622156353645627701562770356277045626168
062215626329
06221567621
06221566403
06221564421
06221565477
062215637128
06221565330
06221566187566652
06221565652
06221564988
06221567894
06221526416526417
06221526499
06221884074
06221884018
06221483298
06221483292
06221483298
06221483396
062216540229
062216540498
062216540255
062216540550
062216540489
062216540574
062216540486
062216540498
062213961912191419161918
062213961911191319151922
0622191176901
06221911739
06221911727
06221162563
0622191176909
06221162563
0622191120
062219112245
062213191561
062213191565
062213191560
062213191565
062215838930
062215838690
062215837550
062215838920
062215838840
06221590
06221592275
06221436223
06221436208
0622113708618
06211741234
06211741229
06221590
06221591850
0622133030
06221330333
06221400132
062215810580
062215813810
06221584613810
062215813850
06221584613850
062215813820
06221584613820
062215813860
06221584613860
062215847980
062215849150
062215813760
062215843700
062215848790
062215813444
062215849320
062215813830
06221584613830
062215813870
06221584613870
062215813880
06221584613880
062215813890
06221584613890
062215813840
06221584613840
062215811580
062215810260
06221584610260
062215838940
062215817460
062215817900
06221600484
06221302677
06221480686
062213278252
017630595727
06221402073
06221402110
06221302677
0622190080
0622126456
06221831554
06221800316
06221755168
062214379144
06221970363
06221970322
06221895957
06221184944
06221181309
06221380502
0622178750
06221787511
06222922517
06222922538
08003473637
06221848586
06221848333
08004050200
06221901037
06221901069
06214314095
062214170
062214543
0622178750
062214177
0622172620
06221337522
06221337524
062213380551
062213380554
06221164877
06221164877
0622129029
06221307279
06221164444
06221978080
062214379299
062214379289
06221970361
06221970322
06221301856
06221301001
06221412577
06221410782
06221828170
062218281720
06221720101
062213389855
062217875780
06221787511
06221184944
06221181309
06221616447
06221616448
062214306319
062214306323
06221759444
06221705946
06221603557
06221603558
06221480686
06221418156
06221882550
06221883334
06221485755
06221485756
06221537540
06221537575
062214170
06221417100
06221417155
06222922516
06222922538
0622190100
06221901069
06214830345
06214830333
062213190
062213191435
06221537550
06221537575
06221537550
06221564446
08004203040
06221422890
06221537551
06221417155
06221700555
06221700555
06221970361
06221480686
06221418156
06221720101
062213389855
062215849000
062215838390
062215837391
062215837390
062214177
0622178750
062211496
062215849000
062215838390
062215837391
062215837390
062214177
0622133900
062213390105
062213190
0622136440
062213644105
062211496
06221149777
06221756590
0622189370100
062214170
06221417100
0622178750
06221787511
062214543
06221454555
0622172620
062217262111
06221736650
06221736652050
062215849000
062215837450
062215838900
06221526520
06221526521
50
062215818590
062215849340
062215828050
062215828990
062215828000
062216492329
0622119292
01805304505
01621545430
069740987
06223999640
08003302000
076119240
0622119222
06223999640
08001018800
062215849000
06221990
0622119222
08005135132
06221302030
08001110111
0622119292
07231126990
07231126995
06213921249
07261976386
07261976388
2167435
07261976386
112
110
116117
112
110
112
116117
116006
06221833088
062217187260
062217187468
06221183643
06221840740
06221750135
08000116016
01794883084
06221600101
062216516767
01794883084
06221182334
08001110222
08001110111
08001110550
116111
08001110333
0711238900
040421070010
08002255530
071121655382
07112846454
018026622464
01803767346
07119561994
071154013600
018026622464
0622153750
062214340281
06221182334
06221439961
0622113708613
062215835035
06221783575
06221781334
06221715599
062215810260
062215847980
6888000
08006888000
062215820580
062215847980
062215849150
116117
112
01805304505
062213544917
06217270734
0622190100
06222922516
922530
06214830345
06214830333
01805021021
116116
06221836111
062215132090
062215132030
062215132060
062215132060
062215829999
062215838330
5838360
062215815500
0622158370005837010
062215832000
5832010
062215830000
0621419910
69062215847980
062215810580
062215810260
06221840666
0622121317
506221653797
06221393422
06221184290
0622190200
204062215811580
0622114220
062215832011
062215813760
062215813880
062215836100
062215132877
062211422018
118000
062219830
06221566999
062213190
110
06221566110
0622187230
0622171320
06221567856
06221566999
06221564002
0622164610
06221566914
110
06221566282
062215640024003
110
06221566110
06221566999
0622165400
06221566999
062214830
0622191170
06221568611
06221566999
06221566999
0622191120
062215625000
06221564466
06221565888
06221566999
062219070
062219141274
062218840744058
062214880
062215260
0622114650
062213960
110
04008001
112
20202021
062214264975
06221141024
332707
04008001
06221473812
015229501835
062215025850
221105
062215025850
321105
062217282182
0622128888
0622113120
062216527550
0622121317
06221600908
06221600908
062215836100
201920
110
187677
190910
06221616640
062218904243
062214312440
0622114120
0622114120
06201268920
062012689229
06221862212
0622158410100
062214264660
062214264660
06221182738
0622128838
062215860157
062215860148
0622116146452
06221438296
062215837220
0622120595
06221600292
062214352470
0622120451
062218904243
0622126498
06221181588
06221600888
06221410000
04166698
06221911944
06221911911
0622191205156
062217050101
06221602597
06221712295
062215843500
06221507700
0622137040
06221528700
06221507900
06221712295
06221970368
062215838360
062214339491
0622122727
0622120748
0622120666
062216511971
0622113020
06221905240
062217274466
01726284659
062215828090
062215828050
01723685821
062219987370
06221374546
062219987370
06221374546
062219987370
06221374546
062219987370
06221374546
06221374546
06221302122
06221303811
06221302122
06221302122
06221302122
06221302122
06221302122
08009966009
08003020103