193383670
062211383613
0622143
4149097990
062211383620
4339009
3329922
91290
17914050
4409026
3637333
363730
36433450
137162828
569123
98050
4297820
337272007
298936160
06221140714
298130
4185558
2325424782
242614140
3329108
062215850930
5850940
1427226
141660720
607217
671383616
4657700
0622197370
1453700
0622150259595
5998120
1922834014
322333
118163061
0622160430
06221604360
602475
06202859430
3641733
834139
01791173263
062219831331
953159
01788957264
306904
280281
285966
7308000
2568179
392112
392111
397085
307545
2589575
32672
2222325400040
2222220
802152
01712819736
308866
017632137783
61774307147
3055362
986445
2790566
2328305
307603
3334218
553359
1931814
392624
1133551
39470
01751699490
255450
397566
3055377
30970
055387
307757
015158778269
307608
307518
3079400
018122008708
01707781800
01726239609
2082475
3079406
308528
208656
397497
2322471
533923
289154
953481
308380
2047297
2822795
112
397009
934204
2081783
202799
309490
2810891
015773565090
307538
01775987162
287081
110
289565
2553119
2328074
2328671
285097
017623232774
3055459
867235
308313
252222
042023
22042222
01773434363
2329475
2553048
309456
307643
2554809
307698
308039
01711734982
2552171
